15 12 14 19 10 11 12 11 14 18 16 12 13 12 18 13 12 11 15 19 1373 6081 3586 5070 1784 2198 6071 653 515 411 7302 15 11 13 15 11 14 16 10 12 18 10 13 15 10 12 11 19 17 15 
19 16 10 18 18 17 15 13 19 10 17 11 16 16 18 13 16 19 13 10 625 4195 5762 5314 6854 7081 4115 3244 715 6985 2853 17 15 17 14 12 17 13 15 10 12 19 18 10 11 16 18 13 17 15 
16 16 17 14 14 17 17 14 12 11 13 19 13 19 11 12 13 16 16 16 2649 4125 6446 580 2025 5837 3606 7833 2786 3752 43 14 17 16 15 16 16 13 15 15 12 14 13 12 14 17 16 16 15 18 
11 14 17 11 14 17 17 14 11 10 15 13 19 10 19 12 14 12 14 17 2131 7125 222 1783 3440 5320 7871 4386 4868 6369 7558 17 15 18 17 14 14 16 15 15 10 11 15 11 16 10 18 13 10 11 
10 15 16 17 17 14 17 17 12 15 19 16 11 14 15 14 15 11 14 16 5870 4404 2074 1054 207 6999 734 5081 7254 1033 6028 18 14 11 11 12 19 14 14 19 11 17 12 13 13 14 19 14 13 19 
10 13 16 14 14 19 14 18 10 14 16 12 17 12 14 11 13 19 12 18 1231 2909 5238 5655 7565 474 1112 1715 324 3916 274 18 11 12 10 10 19 12 15 10 14 17 19 16 11 16 11 19 10 17 
16 13 16 18 14 18 14 16 17 15 14 13 13 15 15 13 17 13 10 16 6319 863 1159 989 4871 5174 5872 6186 5247 5484 2049 15 17 12 14 11 17 11 19 18 12 17 10 12 16 17 14 16 13 13 
14 12 10 16 18 11 14 17 18 13 10 11 16 15 14 16 19 11 15 14 3320 7826 5667 5636 2164 7890 5496 6653 6934 6128 7955 11 12 15 13 19 11 19 11 12 14 18 12 11 12 17 15 17 11 16 
18 12 13 14 13 14 18 17 11 11 15 11 13 18 15 14 14 11 18 14 4553 1788 2957 171 1486 2844 2521 7573 5019 7349 3271 10 10 15 18 17 13 19 10 18 16 14 10 16 18 18 16 19 18 16 
12 14 14 19 16 18 13 13 10 13 13 13 16 11 13 14 19 17 11 19 4294 2726 6362 7502 7962 3210 4770 6133 2639 2334 496 10 11 18 13 13 11 10 12 19 14 19 16 12 15 11 11 16 13 17 
13 19 10 12 11 17 12 12 18 14 13 15 10 13 11 14 18 19 13 13 1921 4391 5883 4829 6529 3079 590 6315 312 794 5267 18 18 10 12 11 10 13 10 19 18 16 11 14 10 16 17 17 14 16 
12 14 13 14 14 12 13 16 17 11 12 18 13 17 14 10 14 14 17 15 6870 271 7317 2458 1742 6743 7101 5228 920 7102 7614 16 18 16 19 14 16 10 10 17 14 17 16 11 18 11 18 19 16 16 
10 17 14 12 13 19 11 11 16 14 13 15 18 18 12 18 11 11 18 16 4265 5815 4974 3433 5134 2818 3480 1419 962 931 7149 12 12 17 13 19 11 18 19 16 12 17 18 11 18 18 15 17 16 18 
16 16 12 12 15 15 18 16 12 11 13 17 12 19 16 10 11 15 13 17 3054 6586 7399 6447 4841 4731 6065 531 4166 1028 3319 17 16 12 10 13 12 15 18 16 11 12 18 16 15 18 14 17 10 13 
18 12 18 10 16 13 18 14 15 13 12 11 10 17 10 12 17 19 14 15 3942 441 292 5115 3686 3134 7851 3778 2314 3343 6617 10 15 18 13 14 16 10 10 11 18 12 19 13 13 11 13 11 19 10 
19 12 19 13 11 12 14 17 14 14 11 12 10 13 11 18 10 14 13 19 2097 773 430 5114 3324 7508 1658 3796 5764 6197 2368 12 10 19 18 15 17 17 12 19 13 11 19 11 14 19 11 19 12 11 
17 16 10 16 17 15 11 11 17 18 12 18 12 10 16 13 11 10 15 15 351 4480 4792 3490 4236 1922 3675 2304 5518 1235 1911 15 18 18 14 17 11 15 13 18 13 15 16 12 15 16 10 17 18 17 
15 17 13 19 14 16 15 19 17 16 16 14 18 18 17 14 13 18 16 17 1584 525 6772 2779 6926 116 2109 7654 7376 5995 6532 12 15 16 11 18 15 18 11 15 17 12 16 11 16 14 17 13 18 17 
18 12 17 15 15 15 12 18 19 16 13 15 10 18 15 12 11 10 12 10 7627 2737 3267 4009 3363 3248 400 3194 5769 4914 7379 18 17 10 15 19 14 15 11 13 13 17 15 18 10 11 19 12 16 11 
11 12 19 18 18 11 14 11 13 10 15 16 17 11 19 11 17 17 14 18 6277 2872 7250 555 1986 298 5149 2018 1671 3906 3098 10 11 19 13 14 19 14 19 12 16 14 18 11 19 15 14 13 10 12 
104 4981 2146 6356 1778 727 7550 7238 7497 2817 6755 3488 658 6635 1082 3888 6046 4805 3658 770 4993 5963 6196 6437 5547 6769 7349 2216 7177 1625 3558 2759 1761 1604 468 331 2509 6572 6414 2691 5164 1075 1803 5666 4826 5663 6316 3286 4861 2116 
2184 6359 1376 4708 7749 5231 3677 6950 4708 1717 5460 2458 4997 5009 1700 1556 657 4834 521 7373 1719 2306 1744 1132 235 3091 5348 1574 1143 6379 768 7671 746 1444 4680 4567 2847 839 4117 7129 14 2848 2349 6826 1235 4697 3670 5650 1119 5492 
6843 3915 7852 6683 7057 7334 4458 7293 5630 6404 7971 5324 5542 948 5409 2760 1186 2370 1891 511 1705 320 2062 3921 3501 2809 1281 6097 1598 277 5735 1535 7133 6348 4681 2288 1523 2440 3565 5464 1966 2967 3988 431 418 7366 2574 2659 45 2110 
7074 2895 5167 6573 176 4614 4321 2882 4992 3097 1832 874 5886 4369 1218 1307 5934 7038 1114 4965 4083 6714 5915 7308 4699 1329 1789 5405 3554 6730 4931 3055 7894 1249 6008 3475 6216 7234 5857 5403 2056 3572 110 5810 897 3183 7134 7318 3686 2262 
5064 1713 1845 1274 671 6388 7490 192 5216 4112 7869 7732 4921 3903 2942 4754 3735 7483 652 5166 6219 2708 2803 1654 2644 3967 4973 2225 464 5391 3261 2360 7057 7669 4389 740 4881 5527 4168 840 3647 5310 7116 5140 7386 7113 670 7205 5025 3200 
2692 3621 2714 4501 412 151 6218 5037 5107 110 1317 7915 699 658 2952 470 7207 4930 71 3267 2849 7472 520 7488 1640 3280 7163 1569 3511 4103 7792 3571 4610 7763 1640 2404 7583 4531 588 5880 5490 587 4546 5809 7720 1462 6081 5475 4735 2635 
83 2577 6099 357 4319 6011 1246 4999 7383 2465 6861 7214 5732 7617 7293 6814 6739 1536 34 5664 2173 4255 1585 4212 4629 124 2184 3341 4219 7359 5900 7284 1606 2982 7275 7388 5029 6200 227 3498 7477 7144 2279 483 5930 7160 6864 1688 6072 1869 
6857 5698 6148 5658 1998 4880 5274 743 4751 7656 1981 2094 846 2334 3008 2345 3165 95 2928 3235 2664 1962 5369 5906 6571 1867 3766 7348 478 1968 2463 3426 2972 4678 1321 6102 1704 2704 611 7803 2150 4598 643 982 3894 3398 3196 4136 3255 4829 
7589 1364 2530 2724 1051 7997 4404 5265 2234 2981 7854 5927 2585 7614 2858 5479 3624 1599 7914 4750 5062 946 5358 3567 1044 5705 2385 466 7730 2411 1981 401 2145 7425 35 782 7084 2560 5477 4191 674 5635 3890 606 2958 4636 6107 319 5467 3999 
299 321 2949 1941 7349 4389 1386 2292 6654 7234 7780 3190 7374 7660 1805 2602 3534 2732 3824 4048 297 4183 5266 3770 370 6419 3001 5195 7249 7156 5433 3221 6220 4994 1066 5519 3715 3088 6782 1731 7734 6342 911 5849 6646 4104 7738 5184 6625 799 
102 3306 4052 7381 7246 208 102 4931 4514 379 5252 5233 4279 4478 2966 3886 6196 5926 5043 2050 2351 2245 5090 4701 3365 7720 1522 3366 6583 5165 6693 3659 6355 3964 5234 3086 3137 6665 5306 4494 6663 7165 513 1514 2400 6706 634 4740 5983 1005 
7372 2593 1591 464 5093 6400 2414 645 3895 159 3406 773 7116 3927 3987 7319 851 3011 1219 3673 156 6468 5181 6711 5967 1156 2956 4622 3119 162 5411 6209 3800 206 7309 7265 5887 4879 2269 322 1466 433 7209 5648 720 4936 2114 1794 3906 604 
1309 2830 6617 316 7544 3007 7513 4135 3322 5301 3408 4007 4121 6127 5014 6319 164 6396 7541 575 3778 5521 7381 5149 4921 1031 1313 5688 6152 2957 1945 4671 1169 1041 3810 4235 1213 6518 5222 968 7175 7656 3389 2062 3311 4492 4696 2001 7216 2887 
4056 7459 3321 2910 4979 6516 2357 6005 1708 4626 4533 4377 7331 840 1863 2930 6643 2170 3372 283 6058 6902 6727 3559 3216 2800 6013 1895 2451 228 3556 1527 437 7104 7880 6137 3537 2380 1169 4004 3983 2679 3841 1709 2137 2958 2778 5405 7064 6081 
5358 1442 2105 4690 5763 1210 2017 809 2212 7153 4281 7455 7663 3913 5002 7538 5656 40 5852 7649 2452 7353 6871 7990 5966 7111 1790 2083 5685 1431 3173 882 6554 2715 2186 2992 7446 7108 6532 3093 536 6495 7780 7464 5472 6355 5882 6684 2490 7964 
1282 7098 168 805 4532 148 1141 3616 2319 7002 2322 3096 442 4427 1414 6528 6482 1351 1931 2208 6723 1870 1085 1746 754 4259 667 1561 7011 3025 3080 7514 3980 7282 794 5217 4030 678 3613 3986 1711 2949 7755 5686 5974 6607 2319 6914 2249 2360 
353 1509 2306 5215 4086 3018 3692 7005 5354 5245 3232 7594 4745 1213 7312 2282 5106 5680 5736 7844 218 7349 3069 994 2893 1491 3123 385 4319 5265 7808 7138 1198 3206 4809 3430 712 4983 2162 2283 5767 5898 1846 2472 3045 356 1950 5353 3966 7529 
607 2042 1373 463 6219 2346 696 7361 563 1039 753 6022 6486 6449 884 3931 5121 883 457 1213 956 7604 7217 6126 4241 7412 1832 4872 3150 5769 3118 4670 7706 3627 6520 6320 2729 6406 3930 3946 4902 2505 4067 5234 4160 1330 1188 930 5604 2275 
3096 5927 5049 3452 1390 34 6165 1996 5025 7790 3468 3300 4119 4868 4346 3252 347 7050 7608 797 607 6032 7144 356 6571 90 2479 1456 7365 595 1859 365 1486 3852 707 2055 2595 4610 5079 5396 21 577 592 6084 1763 4256 7480 702 5856 75 
3886 4270 7981 1785 1817 6530 5663 6290 2572 4488 2627 489 5941 7681 1370 5864 3823 6945 5279 2389 4596 1605 4424 3838 6275 6164 5505 7692 2179 2749 7102 7222 3723 6614 1102 466 6641 7770 1231 3290 7635 4145 4408 6320 3671 6095 7131 1461 1209 2790 
747 7322 3916 2075 5452 4366 2470 6658 7887 6051 169 2600 7020 873 3348 3112 7774 5034 4552 4155 2702 7242 281 3041 3130 5990 120 1707 6800 4439 6050 3626 6232 4221 3985 2740 2076 7065 479 3893 4968 1579 6473 7509 3919 4543 7412 3999 3043 2668 
7664 5377 6305 7994 5454 1349 7391 2830 1327 3991 873 4233 569 6872 211 4076 466 4738 2770 5939 963 3340 5836 7943 3672 2602 4009 6177 5550 6899 6225 1423 4982 4697 396 547 4264 3909 5458 7644 7155 4325 4080 7494 7237 572 6566 5557 1265 1490 
366 2896 2010 375 6030 635 5352 2048 388 3485 4473 7283 7722 7382 2689 4663 7103 3823 2430 2201 3293 4590 3719 3326 7261 6939 4129 6833 7913 4797 5349 4017 2239 462 1553 6004 3108 4116 3976 3589 7970 5281 7279 7431 2886 6889 5317 2032 2464 3488 
1750 3673 3208 3176 5665 3978 2171 6966 3721 7922 567 4927 1968 4669 3821 2942 2451 6303 2429 5032 3009 5610 3006 7164 5947 5699 7476 3825 3867 7236 6646 4281 6077 2417 6536 5521 3669 829 7841 7057 3236 2818 2384 6592 950 404 2050 6077 746 2228 
1001 3179 4807 3386 2801 4771 6481 6938 4410 5270 613 1470 5311 505 188 5923 5691 6878 7716 5589 6596 5245 6484 2102 6182 2821 3203 3007 7628 4286 7970 5121 5510 5140 533 1149 2798 6480 2028 1335 3091 4708 2943 4246 4863 72 5092 1105 7518 933 
4938 7726 1095 7691 4120 3580 5030 5687 7109 758 3337 2156 3520 6927 4464 758 3006 1863 6397 7430 1719 4759 4362 6479 7960 3842 4074 2553 2681 5602 1394 2929 2799 157 4755 4502 4214 530 5497 6221 2490 202 7301 7051 268 6135 1046 7817 1896 4847 
1143 2632 6592 5288 7793 5937 403 3057 4684 5247 7788 5011 3653 4749 7288 5388 3376 5449 1265 4026 5130 6303 6365 5286 6996 6078 5301 3853 7586 4494 402 82 7601 7716 6130 4396 4935 2290 156 5346 2677 7085 5678 6917 291 502 5544 5628 198 4355 
2220 6851 2831 796 2877 7798 6803 4264 7075 1419 5981 544 6223 3371 2172 2621 6053 811 5205 3852 6542 2282 2971 3640 4647 4044 2131 2917 3293 3951 5503 3583 6327 4140 3462 7290 5468 3102 965 1657 6425 7393 3464 3223 7202 3655 6277 274 1458 4222 
5088 6872 2719 1159 139 6159 2650 7236 4484 5267 210 951 7152 2967 6950 3996 7348 7362 3686 6627 2803 2413 6984 6801 4757 5342 7067 5914 2110 4606 7078 730 5574 3033 2919 6609 49 5372 6473 7595 2058 3812 6792 6389 4061 49 2423 2389 4207 1656 
4837 5193 5452 2864 3214 372 5492 3008 7061 4904 6309 5578 4416 2785 3272 5975 3373 5055 2219 4616 967 2572 7636 6404 3021 2927 7281 5834 2724 3915 7946 1212 5795 7758 4587 2268 3913 5808 3470 2498 237 3727 5027 6836 4418 6126 1147 6960 7000 1167 
4570 4846 7342 4135 7296 2062 3143 7809 4232 5617 6956 6248 2758 3413 5001 638 3839 7571 1830 7006 564 7317 3687 7836 7657 3964 6355 5702 3455 2885 3128 4365 1170 3782 5073 5010 7542 6524 6842 3775 7150 2691 3554 1592 3061 3782 7334 7781 161 2574 
3927 4306 1964 6537 3099 2831 2436 2183 1772 6930 78 1426 7496 6076 813 2991 445 3714 6011 6724 6891 5779 5790 7924 7668 3026 2249 3763 4731 3600 4551 5879 4758 5583 6153 2930 7758 5892 2025 3398 5827 1649 640 2969 1529 107 7392 2613 2238 1105 
2059 7116 5326 3895 2359 1229 7595 3230 7078 3979 4406 7963 2669 6314 3973 1872 2263 1669 2471 883 2807 3154 2710 2412 6202 2297 3328 2293 7754 4403 921 3232 7719 7224 2073 7690 5580 2655 3427 6300 7877 5822 1085 2617 7324 708 6612 6916 6390 4559 
5912 4399 3606 3278 4448 2413 4729 5560 3935 477 6621 2138 7866 1150 831 5921 954 5487 6378 1120 4776 2833 7032 5250 5824 5137 3626 5121 2717 3136 1531 2379 2689 4005 2626 6378 254 5528 91 2553 5733 1721 5125 7167 5044 1713 2437 7443 5209 7811 
3683 7974 4465 3493 4694 4140 585 477 1874 5981 3941 3268 2137 7556 3396 1959 3702 4465 4456 3713 932 4021 4376 7671 3851 3861 6993 2565 5305 2744 5987 658 1386 3263 6139 4115 1369 986 289 6882 7170 1083 6765 5024 4604 4391 3594 820 1179 5140 
1367 4777 1510 4318 6109 7882 4498 1281 6659 982 3697 5485 245 4100 973 5459 1811 2440 2754 6572 254 2063 2035 2425 7978 7682 4819 4012 7161 7784 3476 4189 5010 4392 4306 3832 1509 4237 1878 7515 3537 7440 5319 5716 7068 4123 6670 3858 472 3176 
4968 2984 810 7497 1480 6415 4141 1821 2408 6818 3602 6963 5896 7195 7906 204 5062 1620 5522 3661 7792 5225 4247 4517 3413 6768 3155 5477 6190 2539 1419 3980 550 7412 3112 1156 6786 261 3834 2196 3417 1822 1274 3051 2890 538 6237 3734 6850 4846 
3751 6419 6486 5035 1669 6760 5334 3004 6857 3681 7987 7295 3467 7200 1702 3937 3274 5197 3488 4555 4495 5693 6223 7924 2839 7096 7975 4254 4084 5097 36 30 4054 7917 1093 1381 2414 3274 538 5941 6924 4285 3897 5151 2113 7394 603 1469 2910 5601 
5689 3257 6002 1864 5372 5575 6904 7164 3618 7831 4692 1535 2161 3600 4061 5709 2920 7715 2408 2480 1857 4430 5312 5741 7734 2314 7982 4996 6358 3038 3444 6640 1525 4137 3316 7638 591 197 5556 3258 4819 7426 3891 4948 5862 7055 5976 7553 1788 2539 
5985 7190 5510 3507 6005 2911 130 7893 1185 7514 4731 1716 1898 4748 6661 86 5397 985 7927 5195 6873 6022 5091 5082 6396 7924 3735 7015 3077 2900 1521 516 7086 6103 5690 3768 873 5796 3664 5743 1909 3336 529 2913 7618 7783 1555 2786 3101 7194 
4128 181 7624 4695 7184 3243 1145 4617 846 827 3198 4605 5968 2436 5188 2628 6743 3431 4379 6049 7669 1026 7031 4956 5246 760 1647 6286 6868 7956 5894 7778 5833 6614 7712 3311 6034 7302 6001 5607 3900 3012 523 7097 5439 6914 6296 7790 2717 624 
777 6240 3905 2882 3444 6749 330 4437 2833 2086 4327 3647 6721 1923 6630 5197 5754 1364 7898 3648 7051 2999 5157 4044 3400 1053 3807 3301 1650 2101 6280 1964 393 7118 3722 6618 5921 1789 3630 7463 7851 944 3868 7691 514 4849 6648 7480 7642 6245 
313 7887 3052 4917 367 145 2488 7032 4700 3075 282 7849 5423 4066 5996 3831 1463 1573 7334 1339 901 4921 1571 382 4931 2374 3301 5779 4219 3309 2213 2183 6672 5650 5170 5094 2789 7078 4746 105 7555 2911 6695 3718 2435 487 1543 6244 6326 6939 
7997 6902 1281 127 6369 4344 6603 1050 1773 7597 428 5687 4179 4889 2896 2347 1126 5337 4589 2509 2160 5619 5999 7713 5860 2324 4149 6467 2332 3406 7635 210 5249 5513 7605 6247 954 2083 6430 3726 4396 5418 6000 2916 851 491 5120 4599 4713 1943 
867 6181 807 5334 2667 5866 2279 4457 6458 126 7802 4638 2213 5474 6386 3323 4422 1942 7822 6599 2718 5457 334 6578 6180 7904 3646 6945 1122 198 3740 2922 240 650 3083 6301 7805 4060 4051 297 5747 6947 884 1021 6402 2038 4266 4134 7752 4264 
5660 3304 6447 456 4938 2378 1634 869 6083 2143 1933 6710 5337 577 7139 6038 695 5115 7281 3755 6891 3023 4626 1453 7491 2646 2147 103 2810 1430 1261 3410 2307 2592 2517 2466 7745 3141 3263 2762 4538 1149 6759 3086 3655 2697 4253 2410 680 5606 
2317 3847 5723 1818 2617 1019 122 5290 5307 1360 2635 7408 5200 557 2787 2919 5639 2003 2373 984 7869 716 3136 2375 281 4218 3168 5426 535 3706 7081 2202 7431 76 6273 5816 4956 3340 7749 6323 3426 4664 4816 6857 954 3795 4666 7761 7131 3712 
2903 6071 1081 3406 7725 7432 7508 4452 330 1593 87 1019 3225 3055 7918 6680 1831 5660 7095 7108 688 981 1672 6467 4363 1502 7468 3614 1515 7474 6187 2990 6975 4445 4270 6938 7611 1302 5297 5725 2387 3370 392 4721 2481 7639 5493 5311 3528 3001 
3466 6049 3840 2830 1984 7195 5663 1996 2424 2533 4938 3586 494 1794 7520 1052 6086 681 6097 3288 5492 4151 6241 7745 4416 2313 1782 7127 3692 6785 35 3140 2930 7094 849 3690 2432 926 2572 7242 410 469 7111 7437 6154 5692 1804 2192 4131 5074 
3334 515 7690 3762 3921 3282 3749 4021 4839 6687 1472 5254 178 3422 4713 4223 5162 501 3930 4906 6422 3850 7387 3777 77 3580 1281 888 3474 791 5971 5799 4888 2225 4606 744 6000 5679 3214 5031 2342 667 7537 3277 5387 2520 6481 2721 6851 3037 
7738 4412 2598 4669 1933 7211 5275 2445 1085 5074 7977 806 7287 1803 456 6789 71 4940 4496 7406 43 2227 3963 6795 5893 3165 7142 1811 6405 2411 5252 1462 3095 7201 5593 4556 1176 3688 7285 1902 1608 6921 5854 917 3986 3954 41 3440 7647 6343 
692 1763 6266 3347 61 7975 980 5417 6648 5578 3153 4632 3689 5656 146 2703 3574 6994 2655 6316 5945 5526 2587 2277 5660 2282 3545 3321 5415 7127 5140 1876 6247 6440 7918 7589 1132 3296 2187 116 2949 3765 2175 4011 7235 2538 367 4917 2641 1415 
823 3797 2776 1612 113 3030 6527 6251 5344 5168 3621 3466 7821 6115 323 7527 7400 946 797 6738 5986 3652 3804 209 450 7717 7852 3591 3673 7791 6817 6045 5328 6249 3855 599 7523 6170 5488 1681 2048 688 787 5336 3915 4850 2313 7253 1109 2896 
6468 1351 3427 3822 2111 2452 4133 7871 926 2509 1230 2777 1290 2571 3053 625 2860 2495 6359 2066 7124 5745 1280 5594 1066 1341 3380 3238 7287 5668 5163 3989 6007 6568 668 7527 4763 6945 1443 5300 7118 6822 5885 7317 2024 4834 1714 6387 6544 3465 
5995 835 4091 2104 6142 1709 4600 3872 709 3687 3700 6306 2736 4412 5825 1052 5253 1855 2383 2108 7806 648 6691 3472 2183 5322 7238 6035 6708 5669 4364 7649 4594 4392 4701 2813 3973 1457 2173 4209 7700 7007 7138 3616 5389 2333 7975 2592 4371 4463 
295 6808 1459 7995 233 7460 1250 7507 1294 6946 962 6408 4892 4698 1097 4671 4384 2922 4568 940 1596 7664 6568 957 3180 3715 4465 1205 4268 3242 4411 1876 7361 4299 3690 3676 2463 3233 5808 6256 5709 4072 6517 861 7443 3197 4644 182 6793 1569 
4528 3314 7371 5981 5007 3295 1007 5650 1612 94 7537 3794 3450 6661 6020 448 1447 2310 2667 3090 1527 5228 5234 1495 826 587 4715 7768 2567 246 2914 7743 7263 4172 5024 2339 6786 4780 3770 1305 5762 742 5878 1588 3456 5064 4995 2226 5348 4566 
5573 3877 7551 5652 2209 121 6039 2110 3727 769 6504 6328 6113 5621 6675 7829 664 192 7142 611 715 5674 3822 6545 6389 7568 337 549 5135 550 2927 5033 1166 2000 3422 6512 5317 4395 6488 2948 6243 2679 4689 3458 4872 3493 2707 7578 2901 5781 
6612 6022 7226 5443 4431 1087 7880 2441 5217 1542 6388 242 1896 4640 3333 7639 266 768 3912 4088 1070 897 2117 2138 6435 517 1836 6097 7895 6710 213 4183 3986 4296 4977 3718 4231 4571 2572 2475 1338 3863 430 6997 7536 1992 2870 2425 5422 4362 
3196 1304 7463 7168 7120 860 2680 1230 7495 7144 6187 699 2300 1207 4790 6908 2097 5730 1456 4191 1076 2431 4353 3870 6301 76 6778 4434 7671 7336 4867 3590 6271 1562 5416 4464 4541 275 7666 446 130 2846 3706 6194 6990 2156 214 6577 6945 1201 
1426 4746 793 5893 1759 6196 6163 1149 3427 1678 7942 5584 3335 4044 1397 4819 1462 3061 7410 2789 6781 2760 1887 1144 4624 921 3311 5610 3700 3536 4654 5305 7961 5110 1889 7815 934 1216 4164 2616 2220 7430 1749 3439 6894 259 6955 5503 7150 5313 
16 10 14 19 13 14 10 16 11 10 14 13 19 15 18 15 19 18 19 19 3553 2754 1069 3893 2807 5880 6740 2598 226 4322 3161 12 11 18 11 11 10 17 12 17 18 12 19 18 17 19 12 12 18 17 
13 10 14 18 16 12 12 14 18 11 14 10 16 19 15 19 18 19 19 13 7001 867 5382 1286 1339 423 5558 608 6609 3984 5715 19 15 10 15 19 13 17 10 15 10 19 16 16 17 10 12 15 17 13 
10 11 18 11 11 10 15 13 14 16 19 12 17 11 14 14 12 14 10 17 4950 6712 6592 7881 3177 6749 1425 5745 5810 5622 1583 19 14 12 13 15 16 13 10 13 10 14 12 10 11 19 19 16 10 10 
14 15 17 16 17 16 10 14 18 16 12 18 18 15 12 19 15 17 19 12 4591 7888 14 3692 5764 6103 1113 7470 1239 6265 5030 11 12 14 18 15 15 17 10 11 15 12 11 17 11 16 17 19 16 10 
17 14 17 16 15 16 16 12 13 13 13 12 15 19 18 19 15 17 14 14 2872 309 6587 2306 3063 2921 674 2316 7738 5836 2750 13 18 12 17 14 18 11 10 14 14 10 18 12 16 19 14 12 18 16 
10 16 15 14 12 10 14 16 11 10 18 19 18 12 14 19 15 19 13 18 603 4543 4918 2067 787 7177 7600 4411 6756 4095 1896 10 14 15 13 13 19 11 10 12 12 13 11 13 14 12 12 15 16 11 
15 12 12 17 13 15 15 10 17 14 15 12 12 17 18 16 13 12 14 11 816 2022 510 1954 7502 3113 2985 201 3749 3010 7286 19 19 19 19 16 11 15 14 11 14 12 19 19 14 14 16 11 15 14 
11 15 13 14 11 19 10 15 13 15 12 17 16 19 15 16 19 11 13 12 3354 1613 2876 7168 4835 628 2007 6548 3743 3321 5263 16 13 19 15 18 11 14 18 11 16 11 16 11 15 14 16 12 11 12 
11 11 15 14 16 17 17 14 15 10 15 19 14 10 11 16 13 12 11 16 6936 3569 5117 4345 7918 1546 6103 4823 6932 5934 4257 12 15 19 12 13 19 17 14 14 18 14 16 17 17 11 18 15 12 12 
16 11 18 17 14 11 10 12 12 12 18 13 12 11 16 13 14 16 10 16 6566 5299 6766 1731 7889 3925 68 1674 5459 5534 4443 17 18 14 18 15 10 12 15 10 12 17 13 14 14 12 18 14 17 14 
10 16 14 15 16 11 10 14 10 16 17 16 19 14 13 15 14 19 18 15 2366 6533 7659 5989 5130 5906 1847 4451 6020 6024 4879 12 15 12 14 18 19 12 13 14 17 18 17 11 16 17 15 19 19 17 
19 12 16 17 10 19 10 19 14 17 14 18 19 16 13 18 19 19 14 18 854 5237 1721 4517 2714 3038 819 5848 195 1919 7713 13 15 19 11 12 17 18 14 10 13 14 10 12 10 19 14 19 14 15 
17 15 12 15 18 14 17 19 13 19 11 11 19 18 12 13 19 11 18 12 3467 7555 6807 2612 1000 3432 7920 1120 3975 4550 5288 17 13 18 17 18 14 10 15 12 12 15 12 13 17 16 11 11 12 11 
18 13 13 15 18 17 12 19 11 19 17 19 16 17 11 18 14 18 18 18 6872 7615 2436 3688 7204 2523 1135 3843 5740 2842 2764 14 18 13 13 17 11 17 16 17 18 13 14 13 17 15 15 19 11 17 
18 13 11 10 12 13 18 12 10 15 17 12 19 17 15 10 10 10 19 19 7539 2181 248 7227 3738 546 51 6898 1910 4932 2784 11 17 18 18 15 18 10 19 13 15 11 14 11 15 16 13 10 17 17 
13 17 16 11 12 11 18 19 18 13 10 13 19 16 12 19 18 10 10 13 2543 7975 4909 579 5756 3881 6843 2297 3426 5562 1274 19 14 16 12 16 17 19 15 14 11 12 15 19 15 14 10 18 12 13 
11 15 16 11 16 17 13 11 11 16 11 14 16 12 12 11 18 12 17 16 5132 6635 1459 1929 4415 4878 2878 6508 7321 2993 3996 11 16 12 12 17 13 15 16 17 11 15 19 19 15 16 12 18 12 16 
16 11 11 10 10 19 16 14 16 14 13 18 19 13 19 18 14 13 17 19 2948 4546 761 6474 2457 1770 4284 2105 4702 4645 3843 12 13 18 19 11 13 13 14 12 10 19 10 19 11 11 17 16 17 13 
19 19 16 11 19 19 15 14 12 15 18 16 16 14 12 19 19 14 18 13 1775 6013 4227 7562 3003 5462 389 680 4849 2980 933 16 18 11 15 12 12 13 19 10 10 14 14 17 11 13 14 14 11 17 
